9.85000 
9.16000 
9.15000 
9.11000 
9.31000 
9.55000 
9.14000 
9.37000 
9.30000 
9.05000 
9.51000 
9.07000 
9.48000 
9.29000 
9.31000 
9.34000 
9.39000 
9.19000 
9.26000 
9.29000 
9.24000 
9.40000 
9.21000 
9.42000 
9.18000 
9.48000 
9.31000 
9.31000 
9.15000 
9.40000 
9.24000 
9.25000 
9.41000 
9.02000 
9.50000 
9.09000 
9.39000 
9.36000 
9.02000 
9.47000 
9.02000 
9.44000 
9.39000 
9.32000 
9.26000 
9.39000 
9.26000 
9.29000 
9.11000 
9.40000 
9.28000 
9.36000 
9.37000 
9.31000 
9.37000 
9.08000 
9.46000 
9.28000 
9.33000 
9.25000 
9.24000 
9.22000 
9.39000 
9.01000 
9.48000 
9.03000 
9.45000 
9.21000 
9.33000 
9.31000 
9.26000 
9.23000 
9.38000 
9.03000 
9.41000 
9.22000 
9.37000 
9.39000 
9.31000 
9.21000 
9.38000 
9.22000 
9.40000 
9.38000 
9.04000 
9.49000 
9.07000 
9.48000 
9.29000 
9.42000 
9.30000 
9.09000 
9.32000 
9.28000 
9.34000 
9.27000 
9.35000 
9.27000 
9.40000 
9.04000 
9.46000 
9.34000 
9.32000 
9.24000 
9.31000 
9.17000 
9.43000 
9.17000 
9.29000 
9.31000 
9.25000 
9.41000 
9.11000 
9.43000 
9.27000 
9.24000 
9.49000 
9.07000 
9.41000 
9.42000 
9.39000 
9.29000 
9.39000 
9.25000 
9.44000 
9.30000 
9.19000 
9.47000 
9.10000 
9.40000 
9.21000 
9.20000 
9.50000 
9.06000 
9.54000 
9.07000 
9.51000 
9.36000 
9.38000 
9.33000 
9.39000 
9.23000 
9.47000 
9.07000 
9.54000 
9.07000 
9.51000 
9.27000 
9.34000 
9.30000 
9.43000 
9.24000 
9.49000 
9.10000 
9.51000 
9.31000 
9.14000 
9.47000 
9.15000 
9.48000 
9.36000 
9.37000 
9.34000 
9.43000 
9.20000 
9.40000 
9.30000 
9.32000 
9.35000 
9.27000 
9.40000 
9.23000 
9.42000 
9.33000 
9.38000 
9.34000 
9.41000 
9.26000 
9.33000 
9.16000 
9.47000 
9.39000 
9.39000 
9.39000 
9.40000 
9.37000 
9.38000 
9.20000 
9.50000 
9.11000 
9.44000 
9.37000 
9.34000 
9.38000 
9.39000 
9.26000 
9.39000 
9.13000 
9.53000 
9.18000 
9.47000 
9.37000 
9.07000 
9.58000 
9.05000 
9.52000 
9.29000 
9.24000 
9.49000 
9.17000 
9.45000 
9.39000 
9.10000 
9.49000 
9.44000 
9.37000 
9.34000 
9.42000 
9.31000 
9.35000 
9.41000 
9.37000 
9.39000 
9.26000 
9.43000 
9.22000 
9.50000 
9.24000 
9.45000 
9.35000 
9.43000 
9.40000 
9.10000 
9.50000 
9.36000 
9.38000 
9.20000 
9.50000 
9.07000 
9.58000 
9.11000 
9.52000 
9.39000 
9.42000 
9.33000 
9.49000 
9.20000 
9.52000 
9.10000 
9.50000 
9.40000 
9.42000 
9.32000 
9.50000 
9.23000 
9.49000 
9.06000 
9.56000 
9.12000 
9.56000 
9.33000 
9.42000 
9.34000 
9.40000 
9.25000 
9.48000 
9.08000 
9.58000 
9.10000 
9.47000 
9.45000 
9.34000 
9.34000 
9.34000 
9.21000 
9.49000 
9.10000 
9.45000 
9.36000 
9.16000 
9.49000 
9.15000 
9.54000 
9.35000 
9.16000 
9.47000 
9.21000 
9.38000 
9.49000 
9.30000 
9.30000 
9.38000 
9.31000 
9.43000 
9.15000 
9.46000 
9.46000 
9.36000 
9.37000 
9.37000 
9.28000 
9.49000 
9.07000 
9.57000 
9.17000 
9.26000 
9.41000 
9.27000 
9.47000 
9.14000 
9.43000 
9.44000 
9.31000 
9.32000 
9.39000 
9.23000 
9.47000 
9.06000 
9.49000 
9.47000 
9.37000 
9.34000 
9.50000 
9.32000 
9.48000 
9.09000 
9.51000 
9.15000 
9.56000 
9.35000 
9.45000 
9.39000 
9.45000 
9.31000 
9.52000 
9.11000 
9.58000 
9.16000 
9.50000 
9.47000 
9.43000 
9.28000 
9.46000 
9.10000 
9.52000 
9.43000 
9.37000 
9.35000 
9.41000 
9.30000 
9.50000 
9.23000 
9.40000 
9.35000 
9.23000 
9.38000 
9.20000 
9.52000 
9.20000 
9.49000 
9.49000 
9.37000 
9.33000 
9.40000 
9.37000 
9.43000 
9.40000 
9.34000 
9.39000 
9.30000 
9.40000 
9.35000 
9.35000 
9.38000 
9.27000 
9.45000 
9.17000 
9.53000 
9.17000 
9.45000 
9.44000 
9.40000 
9.48000 
9.37000 
9.41000 
9.42000 
9.44000 
9.33000 
9.45000 
9.18000 
9.56000 
9.19000 
9.53000 
9.41000 
9.39000 
9.42000 
9.42000 
9.37000 
9.46000 
9.32000 
9.33000 
9.51000 
9.17000 
9.51000 
9.42000 
9.38000 
9.31000 
9.49000 
9.28000 
9.49000 
9.17000 
9.65000 
9.14000 
9.54000 
9.43000 
9.24000 
9.50000 
9.18000 
9.49000 
9.43000 
9.42000 
9.40000 
9.39000 
9.31000 
9.47000 
9.19000 
9.55000 
9.12000 
9.57000 
9.39000 
9.23000 
9.53000 
9.13000 
9.53000 
9.47000 
9.39000 
9.35000 
9.39000 
9.26000 
9.51000 
9.11000 
9.62000 
9.19000 
9.53000 
9.45000 
9.48000 
9.36000 
9.47000 
9.28000 
9.52000 
9.10000 
9.59000 
9.39000 
9.17000 
9.52000 
9.23000 
9.47000 
9.45000 
9.38000 
9.24000 
9.48000 
9.18000 
9.61000 
9.16000 
9.50000 
9.40000 
9.44000 
9.28000 
9.52000 
9.08000 
9.56000 
9.14000 
9.54000 
9.46000 
9.45000 
9.37000 
9.37000 
9.32000 
9.53000 
9.13000 
9.55000 
9.48000 
9.43000 
9.39000 
9.47000 
9.34000 
9.53000 
9.35000 
9.46000 
9.37000 
9.34000 
9.45000 
9.18000 
9.50000 
9.17000 
9.49000 
9.52000 
9.40000 
9.38000 
9.43000 
9.29000 
9.39000 
9.16000 
9.43000 
9.49000 
9.41000 
9.39000 
9.49000 
9.36000 
9.50000 
9.20000 
9.57000 
9.15000 
9.55000 
9.45000 
9.41000 
9.37000 
9.40000 
9.34000 
9.48000 
9.16000 
9.61000 
9.17000 
9.54000 
9.43000 
9.39000 
9.34000 
9.49000 
9.34000 
9.50000 
9.42000 
9.31000 
9.43000 
9.17000 
9.50000 
9.20000 
9.51000 
9.58000 
9.47000 
9.42000 
9.45000 
9.36000 
9.45000 
9.19000 
9.43000 
9.55000 
9.43000 
9.49000 
9.43000 
9.41000 
9.52000 
9.20000 
9.51000 
9.16000 
9.50000 
9.46000 
9.45000 
9.47000 
9.44000 
9.40000 
9.44000 
9.22000 
9.50000 
9.18000 
9.53000 
9.56000 
9.41000 
9.30000 
9.39000 
9.30000 
9.41000 
9.20000 
9.52000 
9.46000 
9.39000 
9.35000 
9.41000 
9.35000 
9.55000 
9.19000 
9.49000 
9.19000 
9.50000 
9.49000 
9.41000 
9.40000 
9.46000 
9.38000 
9.43000 
9.42000 
9.42000 
9.51000 
9.38000 
9.51000 
9.11000 
9.63000 
9.34000 
9.35000 
9.45000 
9.23000 
9.52000 
9.54000 
9.16000 
9.59000 
9.18000 
9.57000 
9.50000 
9.50000 
9.31000 
9.57000 
9.15000 
9.55000 
9.46000 
9.19000 
9.52000 
9.18000 
9.50000 
9.55000 
9.43000 
9.51000 
9.16000 
9.58000 
9.49000 
9.46000 
9.37000 
9.44000 
9.36000 
9.55000 
9.17000 
9.65000 
9.11000 
9.56000 
9.49000 
9.22000 
9.46000 
9.18000 
9.48000 
9.53000 
9.47000 
9.38000 
9.47000 
9.26000 
9.51000 
9.18000 
9.51000 
9.49000 
9.44000 
9.42000 
9.44000 
9.42000 
9.50000 
9.26000 
9.55000 
9.22000 
9.52000 
9.46000 
9.44000 
9.47000 
9.42000 
9.37000 
9.51000 
9.24000 
9.55000 
9.23000 
9.56000 
9.64000 
9.45000 
9.39000 
9.41000 
9.36000 
9.50000 
9.19000 
9.57000 
9.18000 
9.48000 
9.51000 
9.45000 
9.39000 
9.40000 
9.35000 
9.49000 
9.19000 
9.55000 
9.58000 
9.39000 
9.41000 
9.49000 
9.36000 
9.51000 
9.44000 
9.46000 
9.44000 
9.33000 
9.57000 
9.22000 
9.66000 
9.22000 
9.63000 
9.61000 
9.50000 
9.46000 
9.49000 
9.33000 
9.56000 
9.15000 
9.56000 
9.59000 
9.57000 
9.40000 
9.44000 
9.42000 
9.58000 
9.44000 
9.45000 
9.46000 
9.51000 
9.56000 
9.50000 
9.42000 
9.44000 
9.40000 
9.55000 
9.23000 
9.63000 
9.60000 
9.52000 
9.45000 
9.50000 
9.45000 
9.58000 
9.43000 
9.42000 
9.47000 
9.40000 
9.57000 
9.29000 
9.48000 
9.60000 
9.47000 
9.49000 
9.48000 
9.39000 
9.59000 
9.46000 
9.49000 
9.50000 
9.36000 
9.61000 
9.28000 
9.68000 
9.24000 
9.63000 
9.62000 
9.53000 
9.35000 
9.58000 
9.53000 
9.52000 
9.61000 
9.26000 
9.58000 
9.27000 
9.53000 
9.70000 
9.46000 
9.62000 
9.48000 
9.42000 
9.62000 
9.27000 
9.54000 
9.69000 
9.49000 
9.50000 
9.55000 
9.21000 
9.58000 
9.69000 
9.53000 
9.54000 
9.67000 
9.49000 
9.57000 
9.57000 
9.39000 
9.65000 
9.24000 
9.66000 
9.25000 
9.65000 
9.70000 
9.59000 
9.44000 
9.56000 
9.42000 
9.66000 
9.28000 
9.72000 
9.25000 
9.61000 
9.66000 
9.54000 
9.53000 
9.56000 
9.36000 
9.63000 
9.17000 
9.69000 
9.25000 
9.61000 
9.73000 
9.53000 
9.47000 
9.50000 
9.43000 
9.61000 
9.27000 
9.73000 
9.44000 
9.51000 
9.67000 
9.26000 
9.60000 
9.24000 
9.59000 
9.67000 
9.47000 
9.62000 
9.50000 
9.46000 
9.64000 
9.45000 
9.51000 
9.52000 
9.48000 
9.63000 
9.25000 
9.75000 
9.22000 
9.69000 
9.60000 
9.59000 
9.48000 
9.65000 
9.48000 
9.61000 
9.53000 
9.46000 
9.63000 
9.26000 
9.62000 
9.22000 
9.60000 
9.74000 
9.46000 
9.56000 
9.53000 
9.53000 
9.62000 
9.51000 
9.44000 
9.65000 
9.23000 
9.70000 
9.23000 
9.63000 
9.72000 
9.57000 
9.53000 
9.61000 
9.44000 
9.59000 
9.50000 
9.56000 
9.50000 
9.52000 
9.42000 
9.66000 
9.21000 
9.72000 
9.24000 
9.67000 
9.70000 
9.54000 
9.52000 
9.55000 
9.44000 
9.60000 
9.29000 
9.73000 
9.26000 
9.65000 
9.63000 
9.58000 
9.49000 
9.65000 
9.24000 
9.69000 
9.46000 
9.47000 
9.60000 
9.29000 
9.64000 
9.27000 
9.54000 
9.65000 
9.48000 
9.54000 
9.70000 
9.56000 
9.52000 
9.53000 
9.47000 
9.69000 
9.31000 
9.73000 
9.26000 
9.69000 
9.65000 
9.63000 
9.44000 
9.70000 
9.27000 
9.76000 
9.23000 
9.71000 
9.67000 
9.58000 
9.57000 
9.52000 
9.43000 
9.73000 
9.31000 
9.69000 
9.67000 
9.33000 
9.60000 
9.26000 
9.58000 
9.78000 
9.58000 
9.53000 
9.49000 
9.46000 
9.63000 
9.31000 
9.64000 
9.30000 
9.61000 
9.72000 
9.51000 
9.59000 
9.55000 
9.61000 
9.71000 
9.57000 
9.54000 
9.58000 
9.42000 
9.71000 
9.27000 
9.72000 
9.30000 
9.69000 
9.68000 
9.68000 
9.46000 
9.71000 
9.28000 
9.76000 
9.29000 
9.71000 
9.40000 
9.75000 
9.27000 
9.69000 
9.65000 
9.57000 
9.57000 
9.65000 
9.44000 
9.69000 
9.25000 
9.66000 
9.71000 
9.61000 
9.54000 
9.61000 
9.47000 
9.76000 
9.28000 
9.76000 
9.51000 
9.55000 
9.63000 
9.25000 
9.63000 
9.51000 
9.49000 
9.70000 

